/*--------------------------------*- C++ -*----------------------------------*\
| =========                 |                                                 |
| \\      /  F ield         | OpenFOAM: The Open Source CFD Toolbox           |
|  \\    /   O peration     | Version:  v2012                                 |
|   \\  /    A nd           | Website:  www.openfoam.com                      |
|    \\/     M anipulation  |                                                 |
\*---------------------------------------------------------------------------*/
FoamFile
{
    version     2.0;
    format      ascii;
    class       faceList;
    location    "constant/polyMesh";
    object      faces;
}
// * * * * * * * * * * * * * * * * * * * * * * * * * * * * * * * * * * * * * //


1298
(
5(784 193 197 755 843)
4(844 439 193 784)
4(755 197 443 846)
4(443 197 193 439)
5(771 194 198 785 847)
4(849 440 194 771)
4(785 198 444 851)
4(444 198 194 440)
5(764 195 199 772 852)
4(854 441 195 764)
4(772 199 445 856)
4(445 199 195 441)
5(754 196 200 765 858)
4(765 200 446 859)
4(861 442 196 754)
4(446 200 196 442)
4(862 689 197 755)
4(784 193 685 863)
4(685 193 197 689)
4(754 196 688 865)
4(866 692 200 765)
4(688 196 200 692)
4(764 195 687 868)
4(869 691 199 772)
4(687 195 199 691)
4(771 194 686 786)
4(788 690 198 785)
4(686 194 198 690)
4(762 141 387 789)
5(765 200 237 141 762)
4(387 141 237 483)
4(483 237 200 446)
4(761 119 365 791)
5(762 141 152 119 761)
4(398 152 141 387)
4(365 119 152 398)
4(760 97 343 793)
5(761 119 123 97 760)
4(343 97 123 369)
4(369 123 119 365)
4(758 73 319 795)
5(760 97 56 73 758)
4(302 56 97 343)
4(319 73 56 302)
4(756 49 295 797)
5(758 73 61 49 756)
4(295 49 61 307)
4(307 61 73 319)
4(757 69 315 799)
5(756 49 47 69 757)
4(293 47 49 295)
4(315 69 47 293)
4(759 81 327 802)
5(757 69 62 81 759)
4(327 81 62 308)
4(308 62 69 315)
4(763 171 417 804)
5(759 81 184 171 763)
4(430 184 81 327)
4(417 171 184 430)
5(763 171 233 195 764)
4(479 233 171 417)
4(441 195 233 479)
4(769 142 388 807)
5(772 199 238 142 769)
4(388 142 238 484)
4(484 238 199 445)
4(774 218 464 809)
5(769 142 188 218 774)
4(434 188 142 388)
4(464 218 188 434)
4(768 98 344 811)
5(774 218 187 98 768)
4(344 98 187 433)
4(433 187 218 464)
4(775 230 476 814)
5(768 98 191 230 775)
4(437 191 98 344)
4(476 230 191 437)
4(766 50 296 816)
5(775 230 190 50 766)
4(296 50 190 436)
4(436 190 230 476)
4(773 202 448 818)
5(766 50 177 202 773)
4(423 177 50 296)
4(448 202 177 423)
4(767 79 325 821)
5(773 202 178 79 767)
4(325 79 178 424)
4(424 178 202 448)
4(770 172 418 822)
5(767 79 182 172 770)
4(428 182 79 325)
4(418 172 182 428)
5(770 172 234 194 771)
4(480 234 172 418)
4(440 194 234 480)
4(782 143 389 826)
5(785 198 239 143 782)
4(389 143 239 485)
4(485 239 198 444)
4(781 120 366 828)
5(782 143 153 120 781)
4(399 153 143 389)
4(366 120 153 399)
4(780 99 345 830)
5(781 120 124 99 780)
4(345 99 124 370)
4(370 124 120 366)
4(777 66 312 833)
5(780 99 57 66 777)
4(303 57 99 345)
4(312 66 57 303)
4(776 51 297 835)
5(777 66 54 51 776)
4(297 51 54 300)
4(300 54 66 312)
4(778 70 316 837)
5(776 51 46 70 778)
4(292 46 51 297)
4(316 70 46 292)
4(779 82 328 839)
5(778 70 63 82 779)
4(328 82 63 309)
4(309 63 70 316)
4(783 173 419 841)
5(779 82 185 173 783)
4(431 185 82 328)
4(419 173 185 431)
5(783 173 235 193 784)
4(481 235 173 419)
4(439 193 235 481)
4(752 144 390 850)
5(755 197 240 144 752)
4(390 144 240 486)
4(486 240 197 443)
4(751 121 367 855)
5(752 144 154 121 751)
4(400 154 144 390)
4(367 121 154 400)
4(750 100 346 860)
5(751 121 125 100 750)
4(346 100 125 371)
4(371 125 121 367)
4(747 67 313 864)
5(750 100 58 67 747)
4(304 58 100 346)
4(313 67 58 304)
4(746 52 298 867)
5(747 67 55 52 746)
4(298 52 55 301)
4(301 55 67 313)
4(748 71 317 787)
5(746 52 45 71 748)
4(291 45 52 298)
4(317 71 45 291)
4(749 80 326 790)
5(748 71 64 80 749)
4(326 80 64 310)
4(310 64 71 317)
4(753 174 420 792)
5(749 80 183 174 753)
4(429 183 80 326)
4(420 174 183 429)
5(753 174 236 196 754)
4(482 236 174 420)
4(442 196 236 482)
4(794 636 144 752)
4(732 240 144 636)
4(689 197 240 732)
4(796 613 121 751)
4(636 144 154 646)
4(646 154 121 613)
4(798 592 100 750)
4(617 125 100 592)
4(613 121 125 617)
4(800 559 67 747)
4(592 100 58 550)
4(550 58 67 559)
4(801 544 52 746)
4(547 55 52 544)
4(559 67 55 547)
4(803 563 71 748)
4(544 52 45 537)
4(537 45 71 563)
4(805 572 80 749)
4(556 64 80 572)
4(563 71 64 556)
4(806 666 174 753)
4(572 80 183 675)
4(675 183 174 666)
4(666 174 236 728)
4(728 236 196 688)
4(808 633 141 762)
4(729 237 141 633)
4(692 200 237 729)
4(810 611 119 761)
4(633 141 152 644)
4(644 152 119 611)
4(812 589 97 760)
4(615 123 97 589)
4(611 119 123 615)
4(813 565 73 758)
4(589 97 56 548)
4(548 56 73 565)
4(815 541 49 756)
4(553 61 49 541)
4(565 73 61 553)
4(817 561 69 757)
4(541 49 47 539)
4(539 47 69 561)
4(819 573 81 759)
4(554 62 81 573)
4(561 69 62 554)
4(820 663 171 763)
4(573 81 184 676)
4(676 184 171 663)
4(663 171 233 725)
4(725 233 195 687)
4(823 634 142 769)
4(730 238 142 634)
4(691 199 238 730)
4(824 710 218 774)
4(634 142 188 680)
4(680 188 218 710)
4(825 590 98 768)
4(679 187 98 590)
4(710 218 187 679)
4(827 722 230 775)
4(590 98 191 683)
4(683 191 230 722)
4(829 542 50 766)
4(682 190 50 542)
4(722 230 190 682)
4(831 694 202 773)
4(542 50 177 669)
4(669 177 202 694)
4(832 571 79 767)
4(670 178 79 571)
4(694 202 178 670)
4(834 664 172 770)
4(571 79 182 674)
4(674 182 172 664)
4(664 172 234 726)
4(726 234 194 686)
4(836 635 143 782)
4(731 239 143 635)
4(690 198 239 731)
4(838 612 120 781)
4(635 143 153 645)
4(645 153 120 612)
4(840 591 99 780)
4(616 124 99 591)
4(612 120 124 616)
4(842 558 66 777)
4(591 99 57 549)
4(549 57 66 558)
4(845 543 51 776)
4(546 54 51 543)
4(558 66 54 546)
4(848 562 70 778)
4(543 51 46 538)
4(538 46 70 562)
4(853 574 82 779)
4(555 63 82 574)
4(562 70 63 555)
4(857 665 173 783)
4(574 82 185 677)
4(677 185 173 665)
4(665 173 235 727)
4(727 235 193 685)
4(292 46 220 466)
4(472 226 54 300)
4(466 220 224 470)
4(470 224 226 472)
6(51 54 226 224 220 46)
4(293 47 44 290)
4(290 44 68 314)
4(314 68 74 320)
4(320 74 61 307)
6(47 49 61 74 68 44)
4(258 12 17 263)
4(268 22 12 258)
4(414 168 22 268)
4(423 177 168 414)
4(263 17 190 436)
7(12 22 168 177 50 190 17)
4(291 45 192 438)
4(329 83 55 301)
4(477 231 83 329)
4(438 192 231 477)
6(52 55 83 231 192 45)
4(299 53 72 318)
4(302 56 53 299)
4(324 78 123 369)
4(318 72 78 324)
6(56 97 123 78 72 53)
4(265 19 40 286)
4(266 20 19 265)
4(425 179 20 266)
4(286 40 187 433)
4(437 191 179 425)
7(20 179 191 98 187 40 19)
4(303 57 225 471)
4(473 227 124 370)
4(471 225 228 474)
4(474 228 227 473)
6(99 124 227 228 225 57)
4(267 21 11 257)
4(304 58 205 451)
4(257 11 125 371)
4(451 205 21 267)
6(21 205 58 100 125 11)
4(305 59 62 308)
4(294 48 59 305)
4(416 170 48 294)
4(430 184 170 416)
6(48 170 184 81 62 59)
4(428 182 207 453)
4(487 241 178 424)
4(453 207 201 447)
4(447 201 241 487)
6(178 241 201 207 182 79)
4(469 223 63 309)
4(431 185 232 478)
4(499 253 223 469)
4(478 232 253 499)
6(63 223 253 232 185 82)
4(279 33 64 310)
4(255 9 10 256)
4(429 183 9 255)
4(256 10 33 279)
6(9 183 80 64 33 10)
4(398 152 151 397)
4(397 151 23 269)
4(269 23 242 488)
4(488 242 237 483)
6(151 152 141 237 242 23)
4(399 153 208 454)
4(276 30 243 489)
4(410 164 30 276)
4(489 243 239 485)
4(454 208 164 410)
7(164 208 153 143 239 243 30)
4(259 13 25 271)
4(264 18 13 259)
4(271 25 244 490)
4(434 188 18 264)
4(490 244 238 484)
7(18 188 142 238 244 25 13)
4(400 154 204 450)
4(272 26 245 491)
4(450 204 26 272)
4(491 245 240 486)
6(204 154 144 240 245 26)
4(337 91 44 290)
4(305 59 91 337)
6(44 91 59 62 69 47)
4(331 85 68 314)
4(401 155 85 331)
4(337 91 159 405)
4(405 159 155 401)
6(68 85 155 159 91 44)
4(331 85 116 362)
4(362 116 113 359)
4(359 113 76 322)
4(322 76 74 320)
6(74 76 113 116 85 68)
4(357 111 116 362)
4(332 86 111 357)
4(404 158 86 332)
4(401 155 158 404)
6(116 111 86 158 155 85)
4(357 111 117 363)
4(379 133 113 359)
4(363 117 131 377)
4(377 131 133 379)
6(116 113 133 131 117 111)
4(332 86 101 347)
4(347 101 93 339)
4(339 93 112 358)
4(358 112 117 363)
6(86 111 117 112 93 101)
4(282 36 101 347)
4(411 165 36 282)
4(404 158 167 413)
4(413 167 165 411)
6(36 165 167 158 86 101)
4(333 87 93 339)
4(338 92 87 333)
4(274 28 92 338)
4(282 36 28 274)
6(36 101 93 87 92 28)
4(333 87 89 335)
4(335 89 96 342)
4(342 96 110 356)
4(356 110 112 358)
6(87 93 112 110 96 89)
4(350 104 89 335)
4(338 92 90 336)
4(336 90 103 349)
4(349 103 104 350)
6(89 104 103 90 92 87)
4(341 95 96 342)
4(372 126 95 341)
4(378 132 126 372)
4(350 104 132 378)
6(96 95 126 132 104 89)
4(373 127 90 336)
4(352 106 127 373)
4(283 37 106 352)
4(274 28 37 283)
6(28 92 90 127 106 37)
4(373 127 109 355)
4(355 109 88 334)
4(334 88 107 353)
4(353 107 103 349)
6(88 109 127 90 103 107)
4(352 106 186 432)
4(381 135 109 355)
4(421 175 135 381)
4(432 186 175 421)
6(127 109 135 175 186 106)
4(341 95 102 348)
4(348 102 129 375)
4(375 129 136 382)
4(382 136 110 356)
6(96 110 136 129 102 95)
4(372 126 114 360)
4(262 16 102 348)
4(360 114 8 254)
4(254 8 16 262)
6(8 114 126 95 102 16)
4(386 140 114 360)
4(402 156 140 386)
4(378 132 150 396)
4(396 150 156 402)
6(114 140 156 150 132 126)
4(289 43 32 278)
4(278 32 41 287)
4(283 37 43 289)
4(287 41 186 432)
6(32 43 37 106 186 41)
4(381 135 130 376)
4(340 94 88 334)
4(354 108 94 340)
4(376 130 108 354)
6(94 108 130 135 109 88)
4(368 122 130 376)
4(449 203 122 368)
4(421 175 163 409)
4(409 163 203 449)
6(122 203 163 175 135 130)
4(340 94 105 351)
4(351 105 137 383)
4(384 138 107 353)
4(383 137 138 384)
6(88 107 138 137 105 94)
4(460 214 105 351)
4(354 108 213 459)
4(457 211 214 460)
4(459 213 211 457)
6(105 214 211 213 108 94)
4(395 149 129 375)
4(455 209 149 395)
4(262 16 206 452)
4(452 206 209 455)
6(102 129 149 209 206 16)
4(395 149 134 380)
4(380 134 128 374)
4(385 139 136 382)
4(374 128 139 385)
6(134 149 129 136 139 128)
4(386 140 115 361)
4(361 115 181 427)
4(260 14 8 254)
4(427 181 14 260)
6(14 181 115 140 114 8)
4(393 147 115 361)
4(406 160 147 393)
4(402 156 157 403)
4(403 157 160 406)
6(115 147 160 157 156 140)
4(475 229 134 380)
4(277 31 24 270)
4(270 24 229 475)
4(455 209 31 277)
6(31 209 149 134 229 24)
4(435 189 84 330)
4(392 146 128 374)
4(330 84 146 392)
4(475 229 189 435)
6(84 189 229 134 128 146)
4(394 148 137 383)
4(463 217 148 394)
4(458 212 217 463)
4(460 214 212 458)
6(137 148 217 212 214 105)
4(393 147 27 273)
4(261 15 11 257)
4(273 27 15 261)
4(267 21 181 427)
7(15 27 147 115 181 21 11)
4(406 160 219 465)
4(494 248 27 273)
4(465 219 252 498)
4(498 252 248 494)
6(27 248 252 219 160 147)
4(294 48 60 306)
4(306 60 145 391)
4(391 145 159 405)
6(59 91 159 145 60 48)
4(321 75 60 306)
4(259 13 75 321)
4(416 170 25 271)
6(25 170 48 60 75 13)
4(321 75 77 323)
4(323 77 166 412)
4(415 169 145 391)
4(412 166 169 415)
6(60 145 169 166 77 75)
4(265 19 77 323)
4(264 18 40 286)
6(13 75 77 19 40 18)
4(266 20 38 284)
4(284 38 29 275)
4(275 29 166 412)
6(19 77 166 29 38 20)
4(288 42 38 284)
4(258 12 42 288)
4(425 179 17 263)
6(17 179 20 38 42 12)
4(288 42 32 278)
4(289 43 35 281)
4(281 35 29 275)
6(35 43 32 42 38 29)
4(268 22 162 408)
4(408 162 41 287)
6(12 42 32 41 162 22)
4(422 176 162 408)
4(414 168 246 492)
4(493 247 176 422)
4(492 246 247 493)
6(162 176 247 246 168 22)
4(411 165 35 281)
6(28 37 43 35 165 36)
4(467 221 220 466)
4(469 223 221 467)
6(46 220 221 223 63 70)
4(279 33 24 270)
4(277 31 192 438)
7(24 33 64 71 45 192 31)
4(299 53 76 322)
4(379 133 118 364)
4(364 118 72 318)
6(72 118 133 113 76 53)
4(472 226 222 468)
4(468 222 225 471)
6(66 57 225 222 226 54)
4(329 83 180 426)
4(426 180 205 451)
6(67 58 205 180 83 55)
4(260 14 180 426)
4(477 231 206 452)
7(8 16 206 231 83 180 14)
6(53 76 74 61 73 56)
4(368 122 215 461)
4(462 216 213 459)
4(461 215 216 462)
6(108 213 216 215 122 130)
4(449 203 161 407)
4(407 161 249 495)
4(497 251 215 461)
4(495 249 251 497)
6(122 215 251 249 161 203)
4(311 65 151 397)
4(324 78 65 311)
6(78 123 119 152 151 65)
4(473 227 250 496)
4(496 250 208 454)
6(120 153 208 250 227 124)
4(261 15 204 450)
6(11 125 121 154 204 15)
4(311 65 84 330)
4(255 9 23 269)
4(435 189 10 256)
7(10 189 84 65 151 23 9)
4(384 138 150 396)
6(104 132 150 138 107 103)
4(385 139 131 377)
6(112 117 131 139 136 110)
4(392 146 118 364)
6(118 146 128 139 131 133)
6(65 84 146 118 72 78)
4(394 148 157 403)
6(138 150 156 157 148 137)
4(463 217 210 456)
4(456 210 219 465)
6(157 160 219 210 217 148)
4(415 169 167 413)
6(159 155 158 167 169 145)
6(29 166 169 167 165 35)
4(479 233 244 490)
6(25 244 233 171 184 170)
4(276 30 207 453)
4(480 234 243 489)
6(30 243 234 172 182 207)
4(272 26 39 285)
4(481 235 245 491)
4(285 39 232 478)
7(26 245 235 173 185 232 39)
4(482 236 242 488)
6(23 242 236 174 183 9)
4(422 176 163 409)
6(41 186 175 163 176 162)
4(487 241 246 492)
6(168 246 241 178 202 177)
4(280 34 161 407)
4(493 247 34 280)
6(34 247 176 163 203 161)
4(494 248 39 285)
6(15 204 26 39 248 27)
4(280 34 201 447)
4(410 164 249 495)
7(30 207 201 34 161 249 164)
5(180 205 21 181 14)
5(40 187 218 188 18)
4(467 221 210 456)
4(458 212 224 470)
6(210 221 220 224 212 217)
4(499 253 252 498)
6(219 252 253 223 221 210)
4(457 211 222 468)
6(214 212 224 226 222 211)
4(462 216 228 474)
6(211 222 225 228 216 213)
4(497 251 250 496)
6(216 228 227 250 251 215)
5(33 24 229 189 10)
5(17 190 230 191 179)
5(192 231 206 209 31)
5(196 236 242 237 200)
5(195 233 244 238 199)
5(194 234 243 239 198)
5(193 235 245 240 197)
5(201 241 246 247 34)
5(164 249 251 250 208)
5(232 253 252 248 39)
4(712 220 46 538)
4(546 54 226 718)
4(716 224 220 712)
4(718 226 224 716)
4(536 44 47 539)
4(560 68 44 536)
4(566 74 68 560)
4(553 61 74 566)
4(509 17 12 504)
4(504 12 22 514)
4(514 22 168 660)
4(660 168 177 669)
4(682 190 17 509)
4(684 192 45 537)
4(547 55 83 575)
4(575 83 231 723)
4(723 231 192 684)
4(564 72 53 545)
4(545 53 56 548)
4(615 123 78 570)
4(570 78 72 564)
4(532 40 19 511)
4(511 19 20 512)
4(512 20 179 671)
4(679 187 40 532)
4(671 179 191 683)
4(717 225 57 549)
4(616 124 227 719)
4(720 228 225 717)
4(719 227 228 720)
4(503 11 21 513)
4(697 205 58 550)
4(617 125 11 503)
4(513 21 205 697)
4(554 62 59 551)
4(551 59 48 540)
4(540 48 170 662)
4(662 170 184 676)
4(699 207 182 674)
4(670 178 241 733)
4(693 201 207 699)
4(733 241 201 693)
4(555 63 223 715)
4(724 232 185 677)
4(715 223 253 745)
4(745 253 232 724)
4(556 64 33 525)
4(502 10 9 501)
4(501 9 183 675)
4(525 33 10 502)
4(643 151 152 644)
4(515 23 151 643)
4(734 242 23 515)
4(729 237 242 734)
4(700 208 153 645)
4(735 243 30 522)
4(522 30 164 656)
4(731 239 243 735)
4(656 164 208 700)
4(517 25 13 505)
4(505 13 18 510)
4(736 244 25 517)
4(510 18 188 680)
4(730 238 244 736)
4(696 204 154 646)
4(737 245 26 518)
4(518 26 204 696)
4(732 240 245 737)
4(536 44 91 583)
4(583 91 59 551)
4(560 68 85 577)
4(577 85 155 647)
4(651 159 91 583)
4(647 155 159 651)
4(608 116 85 577)
4(605 113 116 608)
4(568 76 113 605)
4(566 74 76 568)
4(608 116 111 603)
4(603 111 86 578)
4(578 86 158 650)
4(650 158 155 647)
4(609 117 111 603)
4(605 113 133 625)
4(623 131 117 609)
4(625 133 131 623)
4(593 101 86 578)
4(585 93 101 593)
4(604 112 93 585)
4(609 117 112 604)
4(593 101 36 528)
4(528 36 165 657)
4(659 167 158 650)
4(657 165 167 659)
4(585 93 87 579)
4(579 87 92 584)
4(584 92 28 520)
4(520 28 36 528)
4(581 89 87 579)
4(588 96 89 581)
4(602 110 96 588)
4(604 112 110 602)
4(581 89 104 596)
4(582 90 92 584)
4(595 103 90 582)
4(596 104 103 595)
4(588 96 95 587)
4(587 95 126 618)
4(618 126 132 624)
4(624 132 104 596)
4(582 90 127 619)
4(619 127 106 598)
4(598 106 37 529)
4(529 37 28 520)
4(601 109 127 619)
4(580 88 109 601)
4(599 107 88 580)
4(595 103 107 599)
4(678 186 106 598)
4(601 109 135 627)
4(627 135 175 667)
4(667 175 186 678)
4(594 102 95 587)
4(621 129 102 594)
4(628 136 129 621)
4(602 110 136 628)
4(606 114 126 618)
4(594 102 16 508)
4(500 8 114 606)
4(508 16 8 500)
4(606 114 140 632)
4(632 140 156 648)
4(642 150 132 624)
4(648 156 150 642)
4(524 32 43 535)
4(533 41 32 524)
4(535 43 37 529)
4(678 186 41 533)
4(622 130 135 627)
4(580 88 94 586)
4(586 94 108 600)
4(600 108 130 622)
4(622 130 122 614)
4(614 122 203 695)
4(655 163 175 667)
4(695 203 163 655)
4(597 105 94 586)
4(629 137 105 597)
4(599 107 138 630)
4(630 138 137 629)
4(597 105 214 706)
4(705 213 108 600)
4(706 214 211 703)
4(703 211 213 705)
4(621 129 149 641)
4(641 149 209 701)
4(698 206 16 508)
4(701 209 206 698)
4(626 134 149 641)
4(620 128 134 626)
4(628 136 139 631)
4(631 139 128 620)
4(607 115 140 632)
4(673 181 115 607)
4(500 8 14 506)
4(506 14 181 673)
4(607 115 147 639)
4(639 147 160 652)
4(649 157 156 648)
4(652 160 157 649)
4(626 134 229 721)
4(516 24 31 523)
4(721 229 24 516)
4(523 31 209 701)
4(576 84 189 681)
4(620 128 146 638)
4(638 146 84 576)
4(681 189 229 721)
4(629 137 148 640)
4(640 148 217 709)
4(709 217 212 704)
4(704 212 214 706)
4(519 27 147 639)
4(503 11 15 507)
4(507 15 27 519)
4(673 181 21 513)
4(711 219 160 652)
4(519 27 248 740)
4(744 252 219 711)
4(740 248 252 744)
4(552 60 48 540)
4(637 145 60 552)
4(651 159 145 637)
4(552 60 75 567)
4(567 75 13 505)
4(517 25 170 662)
4(569 77 75 567)
4(658 166 77 569)
4(637 145 169 661)
4(661 169 166 658)
4(569 77 19 511)
4(532 40 18 510)
4(530 38 20 512)
4(521 29 38 530)
4(658 166 29 521)
4(530 38 42 534)
4(534 42 12 504)
4(509 17 179 671)
4(524 32 42 534)
4(527 35 43 535)
4(521 29 35 527)
4(654 162 22 514)
4(533 41 162 654)
4(654 162 176 668)
4(738 246 168 660)
4(668 176 247 739)
4(739 247 246 738)
4(527 35 165 657)
4(712 220 221 713)
4(713 221 223 715)
4(516 24 33 525)
4(684 192 31 523)
4(568 76 53 545)
4(610 118 133 625)
4(564 72 118 610)
4(714 222 226 718)
4(717 225 222 714)
4(672 180 83 575)
4(697 205 180 672)
4(672 180 14 506)
4(698 206 231 723)
4(707 215 122 614)
4(705 213 216 708)
4(708 216 215 707)
4(653 161 203 695)
4(741 249 161 653)
4(707 215 251 743)
4(743 251 249 741)
4(643 151 65 557)
4(557 65 78 570)
4(742 250 227 719)
4(700 208 250 742)
4(696 204 15 507)
4(576 84 65 557)
4(515 23 9 501)
4(502 10 189 681)
4(642 150 138 630)
4(623 131 139 631)
4(610 118 146 638)
4(649 157 148 640)
4(702 210 217 709)
4(711 219 210 702)
4(659 167 169 661)
4(736 244 233 725)
4(699 207 30 522)
4(735 243 234 726)
4(531 39 26 518)
4(737 245 235 727)
4(724 232 39 531)
4(734 242 236 728)
4(655 163 176 668)
4(738 246 241 733)
4(653 161 34 526)
4(526 34 247 739)
4(531 39 248 740)
4(693 201 34 526)
4(741 249 164 656)
4(702 210 221 713)
4(716 224 212 704)
4(744 252 253 745)
4(714 222 211 703)
4(720 228 216 708)
4(742 250 251 743)
6(254 360 386 361 427 260)
7(254 260 426 329 477 452 262)
6(254 262 348 341 372 360)
6(255 256 279 310 326 429)
6(255 429 420 482 488 269)
7(255 269 397 311 330 435 256)
5(256 435 475 270 279)
7(257 267 427 361 393 273 261)
6(257 261 450 400 367 371)
6(257 371 346 304 451 267)
7(258 263 436 296 423 414 268)
6(258 268 408 287 278 288)
6(258 288 284 266 425 263)
7(259 271 490 484 388 434 264)
6(259 264 286 265 323 321)
6(259 321 306 294 416 271)
5(260 427 267 451 426)
6(261 273 494 285 272 450)
6(262 452 455 395 375 348)
5(263 425 437 476 436)
5(264 434 464 433 286)
7(265 286 433 344 437 425 266)
6(265 266 284 275 412 323)
6(268 414 492 493 422 408)
6(269 488 483 387 398 397)
7(270 277 438 291 317 310 279)
6(270 475 380 395 455 277)
6(271 416 430 417 479 490)
6(272 491 486 390 400 450)
7(272 285 478 431 419 481 491)
6(273 393 406 465 498 494)
6(274 338 333 339 347 282)
6(274 282 411 281 289 283)
6(274 283 352 373 336 338)
6(275 284 288 278 289 281)
6(275 281 411 413 415 412)
7(276 489 485 389 399 454 410)
7(276 410 495 407 280 447 453)
6(276 453 428 418 480 489)
5(277 455 452 477 438)
6(278 287 432 352 283 289)
6(280 407 449 409 422 493)
5(280 493 492 487 447)
6(282 347 332 404 413 411)
5(285 494 498 499 478)
6(287 408 422 409 421 432)
6(290 293 315 308 305 337)
6(290 337 405 401 331 314)
6(290 314 320 307 295 293)
5(291 298 867 787 317)
6(291 438 477 329 301 298)
5(297 835 837 316 292)
6(292 316 309 469 467 466)
6(292 466 470 472 300 297)
5(293 295 797 799 315)
6(294 305 308 327 430 416)
6(294 306 391 405 337 305)
5(797 295 307 319 795)
5(296 816 818 448 423)
5(436 476 814 816 296)
5(835 297 300 312 833)
5(867 298 301 313 864)
6(299 318 324 369 343 302)
6(299 302 319 307 320 322)
6(299 322 359 379 364 318)
6(300 472 468 471 303 312)
6(301 329 426 451 304 313)
5(302 343 793 795 319)
5(303 345 830 833 312)
6(303 471 474 473 370 345)
5(304 346 860 864 313)
6(306 321 323 412 415 391)
5(308 315 799 802 327)
6(309 328 431 478 499 469)
5(309 316 837 839 328)
5(317 787 790 326 310)
6(311 397 398 365 369 324)
6(311 324 318 364 392 330)
6(314 331 362 359 322 320)
5(325 821 822 418 428)
6(325 428 453 447 487 424)
5(821 325 424 448 818)
5(326 790 792 420 429)
5(804 417 430 327 802)
5(328 839 841 419 431)
6(330 392 374 380 475 435)
6(331 401 404 332 357 362)
6(332 347 339 358 363 357)
6(333 338 336 349 350 335)
6(333 335 342 356 358 339)
6(334 355 381 376 354 340)
6(334 340 351 383 384 353)
6(334 353 349 336 373 355)
6(335 350 378 372 341 342)
6(340 354 459 457 460 351)
6(341 348 375 382 356 342)
5(793 343 369 365 791)
5(344 811 814 476 437)
5(811 344 433 464 809)
5(830 345 370 366 828)
5(860 346 371 367 855)
6(349 353 384 396 378 350)
6(351 460 458 463 394 383)
6(352 432 421 381 355 373)
6(354 376 368 461 462 459)
6(356 382 385 377 363 358)
6(357 363 377 379 359 362)
6(360 372 378 396 402 386)
6(361 386 402 403 406 393)
6(364 379 377 385 374 392)
5(791 365 398 387 789)
6(366 370 473 496 454 399)
5(828 366 399 389 826)
5(400 390 850 855 367)
6(368 376 381 421 409 449)
6(368 449 407 495 497 461)
6(374 385 382 375 395 380)
6(383 394 403 402 396 384)
5(789 387 483 446 859)
5(388 807 809 464 434)
5(807 388 484 445 856)
5(485 444 851 826 389)
5(850 390 486 443 846)
6(391 415 413 404 401 405)
6(394 463 456 465 406 403)
5(410 454 496 497 495)
6(414 423 448 424 487 492)
5(417 804 854 441 479)
5(418 822 849 440 480)
5(844 439 481 419 841)
5(420 792 861 442 482)
5(439 844 0 846 443)
5(439 443 486 491 481)
5(440 849 1 851 444)
5(440 444 485 489 480)
5(441 854 2 856 445)
5(441 445 484 490 479)
5(442 861 3 859 446)
5(442 446 483 488 482)
6(456 463 458 470 466 467)
6(456 467 469 499 498 465)
6(457 459 462 474 471 468)
6(457 468 472 470 458 460)
6(461 497 496 473 474 462)
6(500 506 673 607 632 606)
6(500 606 618 587 594 508)
7(500 508 698 723 575 672 506)
6(501 675 572 556 525 502)
7(501 502 681 576 557 643 515)
6(501 515 734 728 666 675)
5(502 525 516 721 681)
7(503 507 519 639 607 673 513)
6(503 513 697 550 592 617)
6(503 617 613 646 696 507)
7(504 514 660 669 542 682 509)
6(504 509 671 512 530 534)
6(504 534 524 533 654 514)
7(505 510 680 634 730 736 517)
6(505 517 662 540 552 567)
6(505 567 569 511 532 510)
5(506 672 697 513 673)
6(507 696 518 531 740 519)
6(508 594 621 641 701 698)
5(509 682 722 683 671)
5(510 532 679 710 680)
7(511 512 671 683 590 679 532)
6(511 569 658 521 530 512)
6(514 654 668 739 738 660)
6(515 643 644 633 729 734)
7(516 525 556 563 537 684 523)
6(516 523 701 641 626 721)
6(517 736 725 663 676 662)
6(518 696 646 636 732 737)
7(518 737 727 665 677 724 531)
6(519 740 744 711 652 639)
6(520 528 593 585 579 584)
6(520 584 582 619 598 529)
6(520 529 535 527 657 528)
6(521 527 535 524 534 530)
6(521 658 661 659 657 527)
7(522 656 700 645 635 731 735)
6(522 735 726 664 674 699)
7(522 699 693 526 653 741 656)
5(523 684 723 698 701)
6(524 535 529 598 678 533)
6(526 739 668 655 695 653)
5(526 693 733 738 739)
6(528 657 659 650 578 593)
5(531 724 745 744 740)
6(533 678 667 655 668 654)
6(536 583 551 554 561 539)
6(536 539 541 553 566 560)
6(536 560 577 647 651 583)
5(537 563 803 801 544)
6(537 544 547 575 723 684)
5(538 562 848 845 543)
6(538 543 546 718 716 712)
6(538 712 713 715 555 562)
5(539 561 817 815 541)
6(540 662 676 573 554 551)
6(540 551 583 651 637 552)
5(541 815 813 565 553)
5(829 542 669 694 831)
5(542 829 827 722 682)
5(842 558 546 543 845)
5(544 801 800 559 547)
6(545 548 589 615 570 564)
6(545 564 610 625 605 568)
6(545 568 566 553 565 548)
6(546 558 549 717 714 718)
6(547 559 550 697 672 575)
5(548 565 813 812 589)
5(549 558 842 840 591)
6(549 591 616 719 720 717)
5(550 559 800 798 592)
6(552 637 661 658 569 567)
5(554 573 819 817 561)
6(555 715 745 724 677 574)
5(555 574 853 848 562)
5(556 572 805 803 563)
6(557 570 615 611 644 643)
6(557 576 638 610 564 570)
6(560 566 568 605 608 577)
5(832 571 674 664 834)
5(571 832 831 694 670)
6(571 670 733 693 699 674)
5(805 572 675 666 806)
5(819 573 676 663 820)
5(665 857 853 574 677)
6(576 681 721 626 620 638)
6(577 608 603 578 650 647)
6(578 603 609 604 585 593)
6(579 585 604 602 588 581)
6(579 581 596 595 582 584)
6(580 586 600 622 627 601)
6(580 601 619 582 595 599)
6(580 599 630 629 597 586)
6(581 588 587 618 624 596)
6(586 597 706 703 705 600)
6(587 588 602 628 621 594)
5(589 812 810 611 615)
5(683 722 827 825 590)
5(590 825 824 710 679)
5(591 840 838 612 616)
5(592 798 796 613 617)
6(595 596 624 642 630 599)
6(597 629 640 709 704 706)
6(598 619 601 627 667 678)
6(600 705 708 707 614 622)
6(602 604 609 623 631 628)
6(603 608 605 625 623 609)
6(606 632 648 642 624 618)
6(607 639 652 649 648 632)
6(610 638 620 631 623 625)
5(611 810 808 633 644)
5(612 838 836 635 645)
6(612 645 700 742 719 616)
5(613 796 794 636 646)
6(614 695 655 667 627 622)
6(614 707 743 741 653 695)
6(620 626 641 621 628 631)
6(629 630 642 648 649 640)
5(633 808 866 692 729)
5(823 634 680 710 824)
5(634 823 869 691 730)
5(635 836 788 690 731)
5(732 636 794 862 689)
6(637 651 647 650 659 661)
6(640 649 652 711 702 709)
5(656 741 743 742 700)
6(660 738 733 670 694 669)
5(820 663 725 687 868)
5(834 664 726 686 786)
5(857 665 727 685 863)
5(688 865 806 666 728)
5(4 863 685 689 862)
5(685 727 737 732 689)
5(7 786 686 690 788)
5(686 726 735 731 690)
5(691 869 6 868 687)
5(687 725 736 730 691)
5(5 865 688 692 866)
5(688 728 734 729 692)
6(702 713 712 716 704 709)
6(702 711 744 745 715 713)
6(703 706 704 716 718 714)
6(703 714 717 720 708 705)
6(707 708 720 719 742 743)
4(867 746 748 787)
4(746 867 864 747)
4(801 746 747 800)
4(746 801 803 748)
4(747 864 860 750)
4(800 747 750 798)
4(787 748 749 790)
4(748 803 805 749)
4(790 749 753 792)
4(749 805 806 753)
4(750 860 855 751)
4(798 750 751 796)
4(751 855 850 752)
4(796 751 752 794)
4(752 850 846 755)
4(794 752 755 862)
4(792 753 754 861)
4(753 806 865 754)
4(3 861 754 858)
4(5 858 754 865)
4(0 843 755 846)
4(4 862 755 843)
4(797 756 757 799)
4(756 797 795 758)
4(815 756 758 813)
4(756 815 817 757)
4(799 757 759 802)
4(757 817 819 759)
4(758 795 793 760)
4(813 758 760 812)
4(802 759 763 804)
4(759 819 820 763)
4(760 793 791 761)
4(812 760 761 810)
4(761 791 789 762)
4(810 761 762 808)
4(762 789 859 765)
4(808 762 765 866)
4(804 763 764 854)
4(763 820 868 764)
4(2 854 764 852)
4(6 852 764 868)
4(3 858 765 859)
4(5 866 765 858)
4(816 766 773 818)
4(766 816 814 775)
4(829 766 775 827)
4(766 829 831 773)
4(821 767 770 822)
4(767 821 818 773)
4(832 767 773 831)
4(767 832 834 770)
4(811 768 775 814)
4(768 811 809 774)
4(825 768 774 824)
4(768 825 827 775)
4(807 769 774 809)
4(769 807 856 772)
4(823 769 772 869)
4(769 823 824 774)
4(822 770 771 849)
4(770 834 786 771)
4(1 849 771 847)
4(7 847 771 786)
4(2 852 772 856)
4(6 869 772 852)
4(835 776 778 837)
4(776 835 833 777)
4(845 776 777 842)
4(776 845 848 778)
4(777 833 830 780)
4(842 777 780 840)
4(837 778 779 839)
4(778 848 853 779)
4(839 779 783 841)
4(779 853 857 783)
4(780 830 828 781)
4(840 780 781 838)
4(781 828 826 782)
4(838 781 782 836)
4(782 826 851 785)
4(836 782 785 788)
4(841 783 784 844)
4(783 857 863 784)
4(0 844 784 843)
4(4 843 784 863)
4(1 847 785 851)
4(7 788 785 847)
)


// ************************************************************************* //
