/*--------------------------------*- C++ -*----------------------------------*\
| =========                 |                                                 |
| \\      /  F ield         | OpenFOAM: The Open Source CFD Toolbox           |
|  \\    /   O peration     | Version:  v2012                                 |
|   \\  /    A nd           | Website:  www.openfoam.com                      |
|    \\/     M anipulation  |                                                 |
\*---------------------------------------------------------------------------*/
FoamFile
{
    version     2.0;
    format      ascii;
    class       labelList;
    note        "nPoints:870  nCells:288  nFaces:1298  nInternalFaces:922";
    location    "constant/polyMesh";
    object      neighbour;
}
// * * * * * * * * * * * * * * * * * * * * * * * * * * * * * * * * * * * * * //


922
(
4
34
35
180
7
25
26
179
6
16
17
178
5
8
43
177
44
79
284
52
53
281
61
62
282
70
71
283
9
53
92
177
10
54
92
146
11
55
84
146
12
56
84
143
13
57
81
143
14
58
81
96
15
59
88
96
16
60
88
158
61
158
178
18
62
94
178
19
63
94
168
20
64
85
168
21
65
85
175
22
66
82
175
23
67
82
163
24
68
89
163
25
69
89
159
70
159
179
27
71
93
179
28
72
93
147
29
73
86
147
30
74
86
140
31
75
80
140
32
76
80
137
33
77
90
137
34
78
90
160
79
160
180
36
44
95
180
37
45
95
148
38
46
87
148
39
47
87
141
40
48
83
141
41
49
83
138
42
50
91
138
43
51
91
161
52
161
177
45
199
284
46
199
252
47
191
252
48
191
245
49
187
245
50
187
242
51
195
242
52
195
265
265
281
54
196
281
55
196
250
56
188
250
57
188
247
58
185
247
59
185
200
60
192
200
61
192
262
262
282
63
198
282
64
198
272
65
189
272
66
189
279
67
186
279
68
186
267
69
193
267
70
193
263
263
283
72
197
283
73
197
251
74
190
251
75
190
244
76
184
244
77
184
241
78
194
241
79
194
264
264
284
137
140
169
171
184
96
97
98
143
185
132
134
135
163
175
186
138
141
142
176
187
139
143
146
153
188
130
131
132
168
175
189
140
147
172
173
190
125
141
148
167
191
96
127
128
158
192
159
163
166
181
193
137
160
170
183
194
138
149
161
174
195
146
149
161
177
196
147
159
166
179
182
197
128
130
158
168
178
198
148
160
165
180
199
97
127
200
98
99
127
156
201
99
100
139
143
202
100
101
102
156
203
101
139
151
152
204
102
103
104
151
205
103
136
156
157
206
104
105
107
136
207
105
106
110
151
208
106
107
108
150
209
110
111
112
150
210
108
109
113
136
211
109
114
116
150
212
113
114
115
162
213
111
118
119
151
214
112
118
120
142
215
120
121
150
154
216
133
134
136
162
217
115
116
117
144
218
144
145
162
164
219
117
124
150
154
220
124
144
171
172
221
119
122
142
176
222
122
123
151
152
223
121
125
142
167
224
125
126
154
155
225
123
138
174
176
226
149
152
153
174
227
154
155
169
171
228
126
148
165
167
229
155
165
170
183
230
128
129
156
231
129
130
158
232
130
131
156
157
233
131
168
234
132
133
157
235
133
134
175
236
134
136
157
237
135
162
238
162
163
164
181
239
157
240
169
170
241
174
176
242
143
152
153
243
171
172
244
142
167
245
167
176
246
247
145
172
173
248
164
166
173
182
249
149
153
250
173
182
251
165
252
153
161
174
253
154
254
152
255
153
256
257
155
258
169
170
259
157
260
261
178
262
166
179
263
165
180
183
264
177
265
164
266
181
267
166
181
268
183
269
181
182
270
271
272
170
171
273
183
274
172
275
173
276
182
277
278
279
280
281
282
283
284
285
286
287
241
244
273
275
200
201
202
247
236
238
239
267
279
242
245
246
280
243
247
250
257
234
235
236
272
279
244
251
276
277
229
245
252
271
200
231
232
262
263
267
270
285
241
264
274
287
242
253
265
278
250
253
265
281
251
263
270
283
286
232
234
262
272
282
252
264
269
284
201
231
202
203
231
260
203
204
243
247
204
205
206
260
205
243
255
256
206
207
208
255
207
240
260
261
208
209
211
240
209
210
214
255
210
211
212
254
214
215
216
254
212
213
217
240
213
218
220
254
217
218
219
266
215
222
223
255
216
222
224
246
224
225
254
258
237
238
240
266
219
220
221
248
248
249
266
268
221
228
254
258
228
248
275
276
223
226
246
280
226
227
255
256
225
229
246
271
229
230
258
259
227
242
278
280
253
256
257
278
258
259
273
275
230
252
269
271
259
269
274
287
232
233
260
233
234
262
234
235
260
261
235
272
236
237
261
237
238
279
238
240
261
239
266
266
267
268
285
261
273
274
278
280
247
256
257
275
276
246
271
271
280
249
276
277
268
270
277
286
253
257
277
286
269
257
265
278
258
256
257
259
273
274
261
282
270
283
269
284
287
281
268
285
270
285
287
285
286
274
275
287
276
277
286
)


// ************************************************************************* //
