/*--------------------------------*- C++ -*----------------------------------*\
| =========                 |                                                 |
| \\      /  F ield         | OpenFOAM: The Open Source CFD Toolbox           |
|  \\    /   O peration     | Version:  v2012                                 |
|   \\  /    A nd           | Website:  www.openfoam.com                      |
|    \\/     M anipulation  |                                                 |
\*---------------------------------------------------------------------------*/
FoamFile
{
    version     2.0;
    format      ascii;
    class       labelList;
    note        "nPoints:870  nCells:288  nFaces:1298  nInternalFaces:922";
    location    "constant/polyMesh";
    object      owner;
}
// * * * * * * * * * * * * * * * * * * * * * * * * * * * * * * * * * * * * * //


1298
(
0
0
0
0
1
1
1
1
2
2
2
2
3
3
3
3
4
4
4
5
5
5
6
6
6
7
7
7
8
8
8
8
9
9
9
9
10
10
10
10
11
11
11
11
12
12
12
12
13
13
13
13
14
14
14
14
15
15
15
15
16
16
16
17
17
17
17
18
18
18
18
19
19
19
19
20
20
20
20
21
21
21
21
22
22
22
22
23
23
23
23
24
24
24
24
25
25
25
26
26
26
26
27
27
27
27
28
28
28
28
29
29
29
29
30
30
30
30
31
31
31
31
32
32
32
32
33
33
33
33
34
34
34
35
35
35
35
36
36
36
36
37
37
37
37
38
38
38
38
39
39
39
39
40
40
40
40
41
41
41
41
42
42
42
42
43
43
43
44
44
44
45
45
45
46
46
46
47
47
47
48
48
48
49
49
49
50
50
50
51
51
51
52
52
53
53
53
54
54
54
55
55
55
56
56
56
57
57
57
58
58
58
59
59
59
60
60
60
61
61
62
62
62
63
63
63
64
64
64
65
65
65
66
66
66
67
67
67
68
68
68
69
69
69
70
70
71
71
71
72
72
72
73
73
73
74
74
74
75
75
75
76
76
76
77
77
77
78
78
78
79
79
80
80
80
80
80
81
81
81
81
81
82
82
82
82
82
82
83
83
83
83
83
84
84
84
84
84
85
85
85
85
85
85
86
86
86
86
86
87
87
87
87
87
88
88
88
88
88
89
89
89
89
89
90
90
90
90
90
91
91
91
91
91
92
92
92
92
92
93
93
93
93
93
93
94
94
94
94
94
94
95
95
95
95
95
96
96
96
97
97
97
97
97
98
98
98
98
98
99
99
99
99
99
100
100
100
100
100
101
101
101
101
101
102
102
102
102
102
103
103
103
103
103
104
104
104
104
104
105
105
105
105
105
106
106
106
106
106
107
107
107
107
107
108
108
108
108
108
109
109
109
109
109
110
110
110
110
110
111
111
111
111
111
112
112
112
112
112
113
113
113
113
113
114
114
114
114
114
115
115
115
115
115
116
116
116
116
116
117
117
117
117
117
118
118
118
118
118
119
119
119
119
119
120
120
120
120
120
121
121
121
121
121
122
122
122
122
122
123
123
123
123
123
124
124
124
124
124
125
125
125
125
125
126
126
126
126
126
127
127
127
127
128
128
128
128
129
129
129
129
129
130
130
130
131
131
131
131
132
132
132
132
133
133
133
133
134
134
134
135
135
135
135
135
136
136
137
137
137
138
138
138
139
139
139
139
140
140
140
141
141
141
142
142
142
143
144
144
144
144
145
145
145
145
145
146
146
146
147
147
147
148
148
149
149
149
149
150
150
151
151
152
152
153
154
154
155
155
155
156
156
157
158
158
159
159
159
160
160
160
160
161
161
162
162
163
163
164
164
164
165
165
166
166
166
167
168
169
169
169
170
170
171
171
172
172
173
173
174
175
176
177
178
179
180
181
182
183
184
184
184
184
185
185
185
185
186
186
186
186
186
187
187
187
187
188
188
188
188
189
189
189
189
189
190
190
190
190
191
191
191
191
192
192
192
192
193
193
193
193
194
194
194
194
195
195
195
195
196
196
196
196
197
197
197
197
197
198
198
198
198
198
199
199
199
199
200
200
201
201
201
201
202
202
202
202
203
203
203
203
204
204
204
204
205
205
205
205
206
206
206
206
207
207
207
207
208
208
208
208
209
209
209
209
210
210
210
210
211
211
211
211
212
212
212
212
213
213
213
213
214
214
214
214
215
215
215
215
216
216
216
216
217
217
217
217
218
218
218
218
219
219
219
219
220
220
220
220
221
221
221
221
222
222
222
222
223
223
223
223
224
224
224
224
225
225
225
225
226
226
226
226
227
227
227
227
228
228
228
228
229
229
229
229
230
230
230
230
231
231
231
232
232
232
233
233
233
233
234
234
235
235
235
236
236
236
237
237
237
238
238
239
239
239
239
240
241
241
242
242
243
243
243
244
244
245
245
246
246
248
248
248
249
249
249
249
250
250
251
251
252
253
253
253
254
255
256
258
259
259
260
262
263
263
264
264
264
265
266
267
268
268
269
270
270
273
273
274
275
276
277
120
142
111
91
161
149
174
125
148
87
82
134
132
94
130
128
167
165
118
175
168
85
131
135
92
138
122
158
95
160
126
103
136
107
133
157
93
166
159
176
113
164
181
102
183
162
96
97
81
40
83
31
137
80
13
88
127
12
22
21
30
39
84
143
139
140
141
11
29
86
38
129
14
90
32
41
146
153
98
24
89
23
42
15
33
123
99
101
105
104
114
116
108
106
117
110
10
20
19
28
37
150
124
109
144
151
100
112
121
152
9
147
27
36
115
145
119
154
8
18
17
26
35
156
155
182
163
16
25
34
43
0
180
1
179
2
178
3
177
169
170
172
171
173
224
215
246
195
253
265
278
229
191
252
186
236
238
198
232
234
271
269
222
279
272
189
235
239
196
242
226
262
199
264
230
207
211
240
237
261
197
263
270
280
217
268
285
206
287
266
200
185
201
49
187
76
184
241
58
192
231
57
67
66
75
48
188
243
247
244
245
56
74
190
47
233
59
194
77
50
250
257
202
69
68
193
51
60
78
227
203
205
208
209
218
212
220
210
221
214
55
65
64
73
46
254
228
213
248
255
204
216
225
256
54
72
251
45
219
249
223
258
53
63
62
71
44
260
259
286
267
61
70
79
52
4
284
7
283
6
282
5
281
273
274
275
276
277
40
39
48
49
38
47
41
50
42
51
37
46
36
45
35
44
43
52
3
5
0
4
13
12
57
58
14
59
11
56
15
60
10
55
9
54
8
53
16
61
2
6
3
5
22
21
66
67
24
23
68
69
20
19
64
65
18
17
62
63
25
70
1
7
2
6
31
30
75
76
29
74
32
77
33
78
28
73
27
72
26
71
34
79
0
4
1
7
)


// ************************************************************************* //
