/*--------------------------------*- C++ -*----------------------------------*\
| =========                 |                                                 |
| \\      /  F ield         | OpenFOAM: The Open Source CFD Toolbox           |
|  \\    /   O peration     | Version:  v2012                                 |
|   \\  /    A nd           | Website:  www.openfoam.com                      |
|    \\/     M anipulation  |                                                 |
\*---------------------------------------------------------------------------*/
FoamFile
{
    version     2.0;
    format      ascii;
    class       vectorField;
    location    "constant/polyMesh";
    object      points;
}
// * * * * * * * * * * * * * * * * * * * * * * * * * * * * * * * * * * * * * //


870
(
(-0.5 -0.5 0)
(0.5 -0.5 0)
(0.5 0.5 0)
(-0.5 0.5 0)
(-0.5 -0.5 0.1)
(-0.5 0.5 0.1)
(0.5 0.5 0.1)
(0.5 -0.5 0.1)
(-0.2582618804597216 -0.04254395734152701 0.05)
(-0.3807514057936717 0.3092949410097183 0.05)
(-0.3526957305678819 0.2690510714564229 0.05)
(-0.3792084985417112 -0.1981184166449331 0.05)
(0.3531710170981597 -0.001951013764268663 0.05)
(0.3535091469175602 0.3045585875034976 0.05000000000000001)
(-0.303674772213546 -0.0706712667471259 0.05000000000000001)
(-0.3540937176691283 -0.2481184166447943 0.05)
(-0.2576207700787819 0.01459099484184626 0.05)
(0.3982897794061576 0.02342114582235658 0.05)
(0.39805092554099 0.2769857145302171 0.05)
(0.3549695983574867 0.1825222364546507 0.05)
(0.3556320784302454 0.1213652392816296 0.04999999999999999)
(-0.3550238025692046 -0.1486557969962324 0.05)
(0.3480204467196468 -0.06171785016175214 0.05)
(-0.3604866976496133 0.3615116843511422 0.05)
(-0.3440048616773842 0.178877503854855 0.05)
(0.3523178245688104 0.3627960255819715 0.05)
(-0.3663989221499687 -0.3518508081082414 0.05)
(-0.2992693026582848 -0.257894543859966 0.05)
(0.1008782477671774 0.03850079829361835 0.05)
(0.2528549764460447 0.1239318498009727 0.04999999999999999)
(0.3686527980087703 -0.3464842178601372 0.04999999999999999)
(-0.3453426789298097 0.1297254474821531 0.05)
(0.2514353632302402 0.006474674019495035 0.05)
(-0.380794990845393 0.2139050795159782 0.05)
(0.3308344895368219 -0.2272963621317795 0.05000000000000001)
(0.2021448951965795 0.09518834736218082 0.04999999999999999)
(0.1007239019905209 0.09621050022528216 0.05)
(0.150994019068035 0.009623712136449804 0.05000000000000001)
(0.3032036299403486 0.09264468017287605 0.05)
(-0.3191754387420771 -0.3521419388101836 0.05)
(0.3986227330984163 0.2136866351328291 0.05000000000000001)
(0.2484976797641768 -0.05066342511906196 0.05)
(0.3019137770544461 0.03277706684849627 0.05000000000000001)
(0.2020151348666775 0.03759878490508298 0.05)
(0.09994702673648052 0.3845605302893093 0.05)
(-0.4382133714257182 0.09991289318498504 0.04999999999999999)
(-0.09999999999890996 -0.4422649730809676 0.05000000000000001)
(0.09995459434543616 0.4422911880472236 0.05000000000000002)
(0.2498703570666608 0.3568187871290803 0.05)
(0.04999999999875715 0.4711324865405188 0.05)
(0.4692106908630865 -0.04647523975328611 0.05)
(-0.04999999999875714 -0.4711324865405187 0.05000000000000001)
(-0.4717405728925975 0.04894676354161463 0.05)
(-0.1000005440201594 0.3845302602518835 0.05)
(1.226182785438307e-12 -0.4422649730810471 0.05)
(-0.4436652718973089 -0.001228775867930805 0.05000000000000001)
(-0.1000002578992209 0.4422651219787169 0.05000000000000001)
(0.1000000000010467 -0.4422649730811272 0.05)
(-0.44305718554531 -0.1001755394106088 0.05)
(0.1996279258946009 0.3847447632461573 0.05)
(0.2501665894848644 0.2992149719086902 0.05)
(-2.578994324906005e-07 0.4422651219786619 0.05000000000000001)
(0.1996821604252126 0.4424484778444374 0.05)
(-0.1986596010766195 -0.4446017342416052 0.05)
(-0.4365962610346161 0.203856984799405 0.05)
(-0.2556703279275783 0.3524007925094608 0.05000000000000001)
(0.05000000000118175 -0.4711324865405283 0.05)
(-0.4719246990047113 -0.05017553941074387 0.05000000000000001)
(0.04999117112174599 0.3556675300572043 0.05000000000000001)
(0.149954594345573 0.4711587015067047 0.05)
(-0.1499999999990468 -0.4711324865404488 0.05)
(-0.4664727985331207 0.1509661296422644 0.05)
(-0.1506539500671416 0.3551135127618882 0.05000000000000001)
(-0.05000025789938806 0.471132635438143 0.05)
(-1.519167488022622e-06 0.3845308232532618 0.05)
(0.300389520329857 0.2713054025893817 0.05)
(-0.0500018052883821 0.3556634749859097 0.04999999999999999)
(0.3012781642123571 0.2125681309379227 0.05)
(-0.2006301230055935 0.3840878241333447 0.05)
(0.4745672288488006 -0.2494207696264597 0.05)
(-0.4701234625014954 0.2528908551563084 0.05)
(0.2497275660788074 0.4712897763377326 0.05000000000000001)
(-0.2486596010767405 -0.4734692477011564 0.05)
(-0.3825971425218953 -0.004568198043311157 0.05000000000000001)
(-0.2547416722698695 0.2940298263740465 0.05)
(0.04998969964223392 0.2979333526974342 0.05)
(0.05010952994084814 0.1825825774509977 0.05)
(0.0003225089919981794 0.03831307062520923 0.05)
(0.05001877550408438 -0.1638708931640628 0.05)
(-0.04990022931497444 0.00931212870466702 0.05)
(0.05036369791112809 -0.04827610663430322 0.05000000000000001)
(0.1498927922060057 0.3557243291505104 0.05)
(0.05054873232875923 0.009571378519976116 0.05)
(0.0002761151224685024 0.09602067068137606 0.05)
(0.04996681865939408 -0.2216354413821502 0.05)
(-0.1514615369052919 0.01035825303020591 0.05)
(-0.09993735236601436 0.03815740408724274 0.05000000000000001)
(-0.1500000000009388 0.4711324865405737 0.05)
(0.4703818993092696 0.1503067333013844 0.05)
(0.1500000000009709 -0.4711324865405987 0.05000000000000001)
(-0.4711324865405987 -0.1500000000009709 0.05000000000000001)
(0.05034799268257303 0.1249886805078067 0.05)
(-0.2020132831256717 0.04026489059266245 0.05)
(7.634349563184913e-05 -0.0772496653395844 0.05000000000000001)
(-0.0499613603937096 -0.04840312210584728 0.05)
(2.68221365473522e-06 -0.2505436476017256 0.05000000000000001)
(0.1503512927465163 -0.04798619811697499 0.05000000000000001)
(3.295299735665211e-05 -0.1350006021974573 0.05)
(0.09996413644416814 -0.2505146571848466 0.05)
(0.09974895511925901 -0.1348004467859725 0.05000000000000001)
(-0.09995835074363323 0.09591805076138024 0.05)
(-2.248094835078467e-06 0.2113261633430991 0.05)
(-0.04996762156212298 0.1247803754349713 0.05000000000000001)
(-0.0500020028480987 0.2979285621282155 0.05)
(-0.2029084242632074 -0.07442702810914088 0.05)
(-0.2548389550662496 -0.1631137487077881 0.05000000000000002)
(-3.188206716672659e-06 0.2690617330357974 0.05000000000000001)
(-0.05000752203770166 0.1824919711535034 0.05000000000000001)
(-0.1505111802344128 0.2973253410259399 0.04999999999999999)
(-0.2499764590602225 0.4712394496446231 0.05)
(0.2486333716812093 -0.4728179166576712 0.05)
(-0.4710823272483058 -0.2497029532498819 0.05000000000000001)
(0.1991231053572286 -0.2506203226908816 0.05)
(-0.1999764590603291 0.4423719361851968 0.05)
(0.198633371681348 -0.4439504031982701 0.05)
(-0.4422148137889046 -0.1997029532500205 0.05)
(-0.1517155676618879 -0.04719871348822417 0.05)
(0.1000504870280275 -0.07695659711408578 0.05)
(-0.1989931241703765 0.2109182527064713 0.05)
(-0.200616634204459 0.0970833691804195 0.05)
(0.1490872418031832 -0.2217121164712132 0.05000000000000001)
(-0.0998644310486317 0.2113061543762271 0.05)
(-0.1002525142013455 -0.07711481324170165 0.05)
(-0.09985797174714717 0.2690071756582409 0.05)
(-0.2491358940029671 0.1821038840641603 0.05000000000000001)
(0.1488201036335838 -0.1637624542904265 0.05)
(-0.1500858863616981 0.1249373782921005 0.05)
(-0.05004133194292726 -0.2216363662728793 0.05)
(-0.05006301800391563 -0.1638578690866982 0.05)
(-0.1499520661911179 0.1826138861884153 0.05)
(-0.2014236847415152 -0.1332541115893844 0.04999999999999999)
(-0.3498587543577143 0.4717742651648613 0.05)
(0.4698100917518432 0.3469391460317359 0.05)
(0.3481853151370594 -0.4681682390631643 0.05)
(-0.4723500865284139 -0.3498022561006337 0.05000000000000001)
(0.1999815385422506 0.269576567375431 0.04999999999999999)
(-0.1995586975151559 0.267928686261982 0.05000000000000001)
(-0.2532515969905517 -0.222167984868478 0.05000000000000001)
(-0.1000440141579018 -0.2505155820755207 0.05)
(-0.2506255838664694 0.1259455084344233 0.05000000000000001)
(-0.1003107813132764 -0.1348186233646798 0.05)
(-0.3048754183394735 0.3824591697261741 0.05)
(-0.2998352134173821 0.4430137148094843 0.04999999999999999)
(0.296818686817714 -0.4409861557208355 0.05000000000000001)
(-0.4434324137767199 -0.2995052093499608 0.05000000000000002)
(0.1000029354864146 0.269261972279203 0.05000000000000002)
(-0.1502890952521266 -0.1637296070914458 0.05)
(-0.1500440141577404 -0.2216480686161057 0.05)
(0.1001218256731473 0.2116467667254647 0.05)
(0.1499501724354518 0.2981599485001741 0.05000000000000001)
(-0.1995912455714312 -0.2502268092747341 0.05)
(0.2926344783452726 -0.2555561921539335 0.05)
(0.2938255232098699 -0.08412786868754421 0.05)
(0.2436989697976926 -0.1661782773581549 0.05)
(0.3199049766789274 -0.3467737640363068 0.05)
(0.1509694336212804 0.1249229765252115 0.05)
(0.2515919907908119 0.1826983033929983 0.05)
(0.1506058200456317 0.182765346082203 0.05)
(0.3893440075108249 -0.1030123572418842 0.05)
(0.200518295965698 0.211797170511198 0.05000000000000001)
(0.2989019655629035 0.3871466558882456 0.05000000000000001)
(0.3489773739650762 0.4726241541608853 0.05000000000000002)
(0.4740597682786138 -0.3488553464347059 0.05)
(-0.3480311299532615 -0.4687152186743668 0.05000000000000001)
(-0.4722544050365666 0.3502919642693137 0.05000000000000001)
(0.1972050678749314 -0.1350816309884635 0.05)
(0.2902564704475496 -0.1417103144250723 0.05)
(0.4436634015024756 -0.09647523975342118 0.05000000000000001)
(0.4490199394881899 -0.199420769626321 0.05)
(0.3994609878523409 0.08686978554387507 0.05)
(-0.3577542009050971 -0.05375529518647318 0.05)
(-0.3017365863417661 -0.1324139746331434 0.05000000000000001)
(0.4486269971274147 -0.2982761160617204 0.05)
(-0.442377867538062 0.3031828194261769 0.05)
(0.2987049400444384 0.4439139304986178 0.05)
(-0.2966907310305569 -0.4421844663755232 0.05)
(0.1984347250790954 -0.0771492244868988 0.05)
(0.4484540367843129 0.1992999190506951 0.05000000000000001)
(0.4478822292268866 0.2959323317813241 0.05)
(-0.2982867381351046 0.2623620331421942 0.05)
(0.4474586030192956 0.00352476024675832 0.05)
(0.4486298114654788 0.1003067333015213 0.05)
(-0.3837499184889206 0.09414226486228196 0.05)
(-0.4422649730809946 -0.4755983064144698 0.05)
(0.4755983064144698 -0.4422649730809946 0.05)
(0.4422649730809946 0.4755983064144698 0.05)
(-0.4755983064144698 0.4422649730809946 0.05)
(-0.4755983064144203 -0.442264973081229 0.05)
(0.442264973081229 -0.4755983064144203 0.05)
(0.4755983064144203 0.442264973081229 0.05)
(-0.442264973081229 0.4755983064144203 0.05)
(0.3758416212997317 -0.2437625264349625 0.05)
(0.4744527106393891 -0.149999999999029 0.05)
(0.2453498691103902 -0.2237673068797862 0.05)
(-0.3894501194447357 -0.2995052093499607 0.05)
(-0.3899548168211095 -0.1004158730109577 0.05)
(-0.3016725776200093 0.04760005738055995 0.05)
(0.3950347117207891 -0.2944034150905617 0.05000000000000001)
(0.2887973004329666 -0.3901310483319884 0.05)
(-0.2960740403289094 0.10213609238538 0.05)
(-0.1499999999996705 -0.3240810621439418 0.05000000000000001)
(0.05000000000016189 -0.3240810621441341 0.05)
(-0.04999999999964715 -0.3240810621440764 0.05)
(0.09999999999916764 -0.3017519627743062 0.05)
(-5.769607308488092e-13 -0.3017519627742499 0.05)
(0.1999999999990139 -0.3017519627744401 0.05)
(0.149999999999968 -0.3240810621442313 0.05000000000000001)
(-0.1000000000003901 -0.3017519627741937 0.05000000000000001)
(0.4780721374750433 0.248993185750143 0.05000000000000001)
(-0.199591245570873 -0.3014234221038974 0.05000000000000001)
(-0.09999999999887289 -0.3910683602522699 0.05)
(-0.1499999999990118 -0.3687392608829446 0.05)
(0.05000000000103799 -0.3687392608831865 0.05)
(-0.1986596010766216 -0.3934051214127986 0.05)
(-0.04999999999878867 -0.3687392608831501 0.05)
(0.1000000000009715 -0.3910683602524563 0.05000000000000001)
(1.157618766157821e-12 -0.391068360252376 0.05)
(0.1986333716813481 -0.3927537903696708 0.05)
(0.1500000000008958 -0.3687392608833289 0.05)
(-0.2932465332129816 0.2074465243878188 0.05)
(0.4782479121562092 0.05000000000124286 0.04999999999999999)
(-0.3562089905803864 0.03983671304353121 0.05)
(-0.2884840008179307 -0.3922778531778217 0.05000000000000001)
(0.3912423470463482 0.4482224605753551 0.05)
(0.4496580746930838 -0.3911203195159778 0.05)
(-0.3902961030345335 -0.4443135250888368 0.05000000000000001)
(-0.4478527114510364 0.3925569373505857 0.05)
(-0.392123727438666 0.4473725715792816 0.05000000000000001)
(0.4454083981662637 0.3892041191126875 0.05000000000000001)
(0.390450288218011 -0.4437665454775847 0.05)
(-0.4479483929428343 -0.3920672291815853 0.05)
(0.4038866173457464 -0.1976352274059825 0.05)
(-0.3977114658084734 0.3976645358488726 0.05)
(0.3978433898298658 -0.3926218919125679 0.05000000000000001)
(0.3943857721316174 0.3951616066068137 0.05000000000000001)
(-0.3959795228963732 -0.3941157811891931 0.05)
(0.374999994505295 -0.1547515752671536 0.05)
(0.3301073809517966 -0.1710395139245497 0.05)
(-0.2874022210260005 -0.3095724672670746 0.05000000000000001)
(0.2883863282081527 -0.3050798127746806 0.05000000000000001)
(0.2406119852964621 -0.3707661964402248 0.05000000000000001)
(0.2419786136150557 -0.3244225675840917 0.05)
(-0.2413845153577092 -0.3250425211047498 0.05000000000000002)
(-0.2404528708641164 -0.3723660216746483 0.05)
(-0.2582618804597216 -0.042543957341527 0)
(-0.3807514057936717 0.3092949410097183 0)
(-0.3526957305678819 0.2690510714564228 0)
(-0.3792084985417112 -0.1981184166449331 0)
(0.3531710170981597 -0.001951013764268664 0)
(0.3535091469175602 0.3045585875034976 0)
(-0.303674772213546 -0.07067126674712589 0)
(-0.3540937176691283 -0.2481184166447943 0)
(-0.2576207700787819 0.01459099484184626 0)
(0.3982897794061576 0.02342114582235658 0)
(0.3980509255409901 0.2769857145302171 0)
(0.3549695983574868 0.1825222364546507 0)
(0.3556320784302454 0.1213652392816296 0)
(-0.3550238025692046 -0.1486557969962324 0)
(0.3480204467196469 -0.06171785016175216 0)
(-0.3604866976496133 0.3615116843511421 0)
(-0.3440048616773842 0.178877503854855 0)
(0.3523178245688104 0.3627960255819716 0)
(-0.3663989221499687 -0.3518508081082414 0)
(-0.2992693026582848 -0.257894543859966 0)
(0.1008782477671774 0.03850079829361835 0)
(0.2528549764460447 0.1239318498009727 0)
(0.3686527980087704 -0.3464842178601373 0)
(-0.3453426789298097 0.1297254474821531 0)
(0.2514353632302402 0.006474674019495029 0)
(-0.380794990845393 0.2139050795159782 0)
(0.3308344895368219 -0.2272963621317795 0)
(0.2021448951965795 0.09518834736218082 0)
(0.1007239019905208 0.09621050022528216 0)
(0.1509940190680349 0.009623712136449808 0)
(0.3032036299403487 0.09264468017287605 0)
(-0.3191754387420771 -0.3521419388101835 0)
(0.3986227330984163 0.2136866351328291 0)
(0.2484976797641767 -0.05066342511906197 0)
(0.3019137770544461 0.03277706684849627 0)
(0.2020151348666775 0.03759878490508298 0)
(0.09994702673648051 0.3845605302893092 0)
(-0.4382133714257183 0.09991289318498504 0)
(-0.09999999999890996 -0.4422649730809676 0)
(0.09995459434543615 0.4422911880472236 0)
(0.2498703570666608 0.3568187871290802 0)
(0.04999999999875715 0.4711324865405187 0)
(0.4692106908630864 -0.04647523975328611 0)
(-0.04999999999875715 -0.4711324865405187 0)
(-0.4717405728925975 0.0489467635416146 0)
(-0.1000005440201594 0.3845302602518835 0)
(1.226183506582619e-12 -0.4422649730810471 0)
(-0.4436652718973089 -0.001228775867930812 0)
(-0.1000002578992209 0.4422651219787169 0)
(0.1000000000010467 -0.4422649730811271 0)
(-0.4430571855453101 -0.1001755394106088 0)
(0.1996279258946009 0.3847447632461574 0)
(0.2501665894848644 0.2992149719086902 0)
(-2.578994324880142e-07 0.4422651219786619 0)
(0.1996821604252126 0.4424484778444374 0)
(-0.1986596010766195 -0.4446017342416052 0)
(-0.4365962610346161 0.2038569847994051 0)
(-0.2556703279275782 0.3524007925094608 0)
(0.05000000000118177 -0.4711324865405283 0)
(-0.4719246990047113 -0.05017553941074385 0)
(0.04999117112174598 0.3556675300572042 0)
(0.149954594345573 0.4711587015067048 0)
(-0.1499999999990468 -0.4711324865404488 0)
(-0.4664727985331207 0.1509661296422644 0)
(-0.1506539500671416 0.3551135127618883 0)
(-0.05000025789938807 0.4711326354381432 0)
(-1.519167488021889e-06 0.3845308232532617 0)
(0.300389520329857 0.2713054025893816 0)
(-0.05000180528838211 0.3556634749859097 0)
(0.3012781642123571 0.2125681309379227 0)
(-0.2006301230055934 0.3840878241333447 0)
(0.4745672288488008 -0.2494207696264598 0)
(-0.4701234625014954 0.2528908551563084 0)
(0.2497275660788074 0.4712897763377325 0)
(-0.2486596010767405 -0.4734692477011563 0)
(-0.3825971425218953 -0.004568198043311157 0)
(-0.2547416722698695 0.2940298263740465 0)
(0.04998969964223393 0.2979333526974342 0)
(0.05010952994084815 0.1825825774509977 0)
(0.0003225089919981795 0.03831307062520924 0)
(0.05001877550408438 -0.1638708931640628 0)
(-0.04990022931497443 0.009312128704667019 0)
(0.05036369791112808 -0.04827610663430321 0)
(0.1498927922060057 0.3557243291505104 0)
(0.05054873232875923 0.009571378519976116 0)
(0.000276115122468501 0.09602067068137604 0)
(0.04996681865939409 -0.2216354413821502 0)
(-0.1514615369052919 0.01035825303020591 0)
(-0.09993735236601436 0.03815740408724273 0)
(-0.1500000000009388 0.4711324865405737 0)
(0.4703818993092697 0.1503067333013844 0)
(0.1500000000009709 -0.4711324865405988 0)
(-0.4711324865405988 -0.1500000000009709 0)
(0.05034799268257303 0.1249886805078067 0)
(-0.2020132831256717 0.04026489059266246 0)
(7.63434956318499e-05 -0.07724966533958438 0)
(-0.0499613603937096 -0.04840312210584728 0)
(2.682213654734329e-06 -0.2505436476017256 0)
(0.1503512927465163 -0.04798619811697499 0)
(3.295299735665141e-05 -0.1350006021974573 0)
(0.09996413644416813 -0.2505146571848466 0)
(0.09974895511925902 -0.1348004467859725 0)
(-0.09995835074363324 0.09591805076138027 0)
(-2.248094835078281e-06 0.2113261633430991 0)
(-0.04996762156212298 0.1247803754349713 0)
(-0.0500020028480987 0.2979285621282154 0)
(-0.2029084242632074 -0.07442702810914088 0)
(-0.2548389550662496 -0.163113748707788 0)
(-3.18820671667082e-06 0.2690617330357974 0)
(-0.05000752203770167 0.1824919711535034 0)
(-0.1505111802344128 0.2973253410259399 0)
(-0.2499764590602225 0.4712394496446231 0)
(0.2486333716812093 -0.4728179166576712 0)
(-0.4710823272483058 -0.2497029532498818 0)
(0.1991231053572286 -0.2506203226908816 0)
(-0.1999764590603291 0.4423719361851968 0)
(0.198633371681348 -0.44395040319827 0)
(-0.4422148137889046 -0.1997029532500205 0)
(-0.1517155676618879 -0.04719871348822417 0)
(0.1000504870280275 -0.07695659711408577 0)
(-0.1989931241703765 0.2109182527064713 0)
(-0.2006166342044591 0.09708336918041952 0)
(0.1490872418031832 -0.2217121164712132 0)
(-0.09986443104863171 0.2113061543762271 0)
(-0.1002525142013455 -0.07711481324170166 0)
(-0.09985797174714714 0.2690071756582409 0)
(-0.249135894002967 0.1821038840641603 0)
(0.1488201036335838 -0.1637624542904265 0)
(-0.1500858863616982 0.1249373782921005 0)
(-0.05004133194292726 -0.2216363662728793 0)
(-0.05006301800391564 -0.1638578690866982 0)
(-0.1499520661911179 0.1826138861884153 0)
(-0.2014236847415152 -0.1332541115893844 0)
(-0.3498587543577144 0.4717742651648612 0)
(0.4698100917518433 0.3469391460317359 0)
(0.3481853151370594 -0.4681682390631643 0)
(-0.4723500865284139 -0.3498022561006338 0)
(0.1999815385422507 0.269576567375431 0)
(-0.1995586975151559 0.2679286862619821 0)
(-0.2532515969905517 -0.2221679848684779 0)
(-0.1000440141579018 -0.2505155820755207 0)
(-0.2506255838664694 0.1259455084344233 0)
(-0.1003107813132763 -0.1348186233646798 0)
(-0.3048754183394735 0.3824591697261741 0)
(-0.2998352134173821 0.4430137148094844 0)
(0.296818686817714 -0.4409861557208355 0)
(-0.4434324137767198 -0.2995052093499608 0)
(0.1000029354864146 0.2692619722792028 0)
(-0.1502890952521266 -0.1637296070914458 0)
(-0.1500440141577404 -0.2216480686161057 0)
(0.1001218256731473 0.2116467667254647 0)
(0.1499501724354518 0.2981599485001741 0)
(-0.1995912455714313 -0.2502268092747341 0)
(0.2926344783452726 -0.2555561921539335 0)
(0.2938255232098699 -0.08412786868754421 0)
(0.2436989697976926 -0.1661782773581549 0)
(0.3199049766789275 -0.3467737640363068 0)
(0.1509694336212804 0.1249229765252115 0)
(0.2515919907908118 0.1826983033929982 0)
(0.1506058200456317 0.182765346082203 0)
(0.3893440075108249 -0.1030123572418842 0)
(0.200518295965698 0.211797170511198 0)
(0.2989019655629035 0.3871466558882456 0)
(0.3489773739650762 0.4726241541608853 0)
(0.4740597682786139 -0.3488553464347058 0)
(-0.3480311299532615 -0.4687152186743669 0)
(-0.4722544050365666 0.3502919642693137 0)
(0.1972050678749314 -0.1350816309884635 0)
(0.2902564704475497 -0.1417103144250724 0)
(0.4436634015024756 -0.09647523975342118 0)
(0.44901993948819 -0.199420769626321 0)
(0.3994609878523409 0.08686978554387509 0)
(-0.3577542009050971 -0.05375529518647316 0)
(-0.3017365863417661 -0.1324139746331434 0)
(0.4486269971274147 -0.2982761160617204 0)
(-0.442377867538062 0.303182819426177 0)
(0.2987049400444384 0.4439139304986178 0)
(-0.2966907310305568 -0.4421844663755232 0)
(0.1984347250790954 -0.07714922448689882 0)
(0.4484540367843129 0.1992999190506951 0)
(0.4478822292268865 0.295932331781324 0)
(-0.2982867381351047 0.2623620331421943 0)
(0.4474586030192956 0.003524760246758317 0)
(0.4486298114654788 0.1003067333015213 0)
(-0.3837499184889206 0.094142264862282 0)
(-0.4422649730809945 -0.4755983064144698 0)
(0.4755983064144698 -0.4422649730809945 0)
(0.4422649730809945 0.4755983064144698 0)
(-0.4755983064144698 0.4422649730809945 0)
(-0.4755983064144203 -0.442264973081229 0)
(0.442264973081229 -0.4755983064144203 0)
(0.4755983064144203 0.442264973081229 0)
(-0.442264973081229 0.4755983064144203 0)
(0.3758416212997318 -0.2437625264349625 0)
(0.4744527106393892 -0.1499999999990291 0)
(0.2453498691103903 -0.2237673068797862 0)
(-0.3894501194447357 -0.2995052093499607 0)
(-0.3899548168211094 -0.1004158730109578 0)
(-0.3016725776200093 0.04760005738055995 0)
(0.3950347117207891 -0.2944034150905617 0)
(0.2887973004329667 -0.3901310483319884 0)
(-0.2960740403289094 0.10213609238538 0)
(-0.1499999999996705 -0.3240810621439419 0)
(0.05000000000016189 -0.324081062144134 0)
(-0.04999999999964716 -0.3240810621440764 0)
(0.09999999999916764 -0.3017519627743062 0)
(-5.769644021806167e-13 -0.3017519627742499 0)
(0.1999999999990139 -0.3017519627744401 0)
(0.149999999999968 -0.3240810621442313 0)
(-0.1000000000003901 -0.3017519627741936 0)
(0.4780721374750432 0.2489931857501429 0)
(-0.1995912455708731 -0.3014234221038974 0)
(-0.09999999999887291 -0.3910683602522699 0)
(-0.1499999999990118 -0.3687392608829446 0)
(0.05000000000103799 -0.3687392608831866 0)
(-0.1986596010766216 -0.3934051214127985 0)
(-0.04999999999878868 -0.36873926088315 0)
(0.1000000000009715 -0.3910683602524563 0)
(1.157608731094939e-12 -0.391068360252376 0)
(0.1986333716813481 -0.3927537903696708 0)
(0.1500000000008958 -0.3687392608833289 0)
(-0.2932465332129816 0.2074465243878188 0)
(0.4782479121562092 0.05000000000124286 0)
(-0.3562089905803864 0.03983671304353121 0)
(-0.2884840008179307 -0.3922778531778217 0)
(0.3912423470463482 0.4482224605753551 0)
(0.4496580746930838 -0.3911203195159779 0)
(-0.3902961030345334 -0.4443135250888367 0)
(-0.4478527114510365 0.3925569373505857 0)
(-0.392123727438666 0.4473725715792816 0)
(0.4454083981662637 0.3892041191126875 0)
(0.390450288218011 -0.4437665454775847 0)
(-0.4479483929428343 -0.3920672291815853 0)
(0.4038866173457465 -0.1976352274059825 0)
(-0.3977114658084735 0.3976645358488727 0)
(0.3978433898298659 -0.3926218919125679 0)
(0.3943857721316173 0.3951616066068137 0)
(-0.3959795228963732 -0.3941157811891931 0)
(0.374999994505295 -0.1547515752671536 0)
(0.3301073809517966 -0.1710395139245497 0)
(-0.2874022210260005 -0.3095724672670746 0)
(0.2883863282081526 -0.3050798127746805 0)
(0.2406119852964621 -0.3707661964402249 0)
(0.2419786136150557 -0.3244225675840918 0)
(-0.2413845153577092 -0.3250425211047497 0)
(-0.2404528708641164 -0.3723660216746482 0)
(-0.2582618804597216 -0.04254395734152701 0.1)
(-0.3807514057936717 0.3092949410097183 0.1)
(-0.3526957305678819 0.2690510714564228 0.1)
(-0.3792084985417112 -0.1981184166449331 0.1)
(0.3531710170981596 -0.001951013764268664 0.1)
(0.3535091469175602 0.3045585875034976 0.1)
(-0.303674772213546 -0.07067126674712589 0.1)
(-0.3540937176691283 -0.2481184166447943 0.1)
(-0.2576207700787819 0.01459099484184626 0.1)
(0.3982897794061576 0.02342114582235658 0.1)
(0.39805092554099 0.2769857145302171 0.1)
(0.3549695983574868 0.1825222364546507 0.1)
(0.3556320784302454 0.1213652392816296 0.1)
(-0.3550238025692046 -0.1486557969962324 0.1)
(0.3480204467196469 -0.06171785016175216 0.1)
(-0.3604866976496133 0.3615116843511421 0.1)
(-0.3440048616773842 0.178877503854855 0.1)
(0.3523178245688104 0.3627960255819716 0.1)
(-0.3663989221499687 -0.3518508081082414 0.1)
(-0.2992693026582848 -0.257894543859966 0.1)
(0.1008782477671774 0.03850079829361835 0.1)
(0.2528549764460447 0.1239318498009727 0.1)
(0.3686527980087704 -0.3464842178601373 0.1)
(-0.3453426789298097 0.1297254474821531 0.1)
(0.2514353632302402 0.00647467401949503 0.1)
(-0.380794990845393 0.2139050795159782 0.1)
(0.3308344895368219 -0.2272963621317795 0.1)
(0.2021448951965795 0.09518834736218082 0.1)
(0.1007239019905208 0.09621050022528216 0.1)
(0.1509940190680349 0.009623712136449806 0.1)
(0.3032036299403487 0.09264468017287605 0.1)
(-0.319175438742077 -0.3521419388101836 0.1)
(0.3986227330984163 0.2136866351328291 0.1)
(0.2484976797641767 -0.05066342511906197 0.1)
(0.3019137770544461 0.03277706684849627 0.1)
(0.2020151348666775 0.03759878490508298 0.1)
(0.09994702673648051 0.3845605302893092 0.1)
(-0.4382133714257183 0.09991289318498504 0.1)
(-0.09999999999890996 -0.4422649730809676 0.1)
(0.09995459434543615 0.4422911880472236 0.1)
(0.2498703570666608 0.3568187871290802 0.1)
(0.04999999999875715 0.4711324865405187 0.1)
(0.4692106908630864 -0.04647523975328611 0.1)
(-0.04999999999875715 -0.4711324865405187 0.1)
(-0.4717405728925975 0.0489467635416146 0.1)
(-0.1000005440201594 0.3845302602518835 0.1)
(1.226183506582619e-12 -0.4422649730810471 0.1)
(-0.4436652718973089 -0.001228775867930812 0.1)
(-0.1000002578992209 0.4422651219787169 0.1)
(0.1000000000010467 -0.4422649730811271 0.1)
(-0.4430571855453101 -0.1001755394106088 0.1)
(0.1996279258946009 0.3847447632461574 0.1)
(0.2501665894848644 0.2992149719086902 0.1)
(-2.578994324880142e-07 0.4422651219786619 0.1)
(0.1996821604252126 0.4424484778444374 0.1)
(-0.1986596010766195 -0.4446017342416052 0.1)
(-0.4365962610346161 0.2038569847994051 0.1)
(-0.2556703279275782 0.3524007925094608 0.1)
(0.05000000000118177 -0.4711324865405283 0.1)
(-0.4719246990047113 -0.05017553941074385 0.1)
(0.04999117112174598 0.3556675300572042 0.1)
(0.149954594345573 0.4711587015067048 0.1)
(-0.1499999999990468 -0.4711324865404488 0.1)
(-0.4664727985331207 0.1509661296422644 0.1)
(-0.1506539500671416 0.3551135127618883 0.1)
(-0.05000025789938807 0.4711326354381432 0.1)
(-1.519167488021889e-06 0.3845308232532618 0.1)
(0.300389520329857 0.2713054025893816 0.1)
(-0.05000180528838211 0.3556634749859097 0.1)
(0.3012781642123572 0.2125681309379227 0.1)
(-0.2006301230055934 0.3840878241333447 0.1)
(0.4745672288488008 -0.2494207696264597 0.1)
(-0.4701234625014954 0.2528908551563084 0.1)
(0.2497275660788074 0.4712897763377325 0.1)
(-0.2486596010767405 -0.4734692477011563 0.1)
(-0.3825971425218953 -0.004568198043311157 0.1)
(-0.2547416722698695 0.2940298263740465 0.1)
(0.04998969964223393 0.2979333526974342 0.1)
(0.05010952994084814 0.1825825774509978 0.1)
(0.0003225089919981795 0.03831307062520924 0.1)
(0.05001877550408438 -0.1638708931640628 0.1)
(-0.04990022931497443 0.009312128704667019 0.1)
(0.05036369791112808 -0.04827610663430321 0.1)
(0.1498927922060057 0.3557243291505104 0.1)
(0.05054873232875924 0.009571378519976116 0.1)
(0.000276115122468501 0.09602067068137604 0.1)
(0.04996681865939409 -0.2216354413821502 0.1)
(-0.1514615369052919 0.01035825303020591 0.1)
(-0.09993735236601436 0.03815740408724273 0.1)
(-0.1500000000009388 0.4711324865405737 0.1)
(0.4703818993092697 0.1503067333013844 0.1)
(0.1500000000009709 -0.4711324865405988 0.1)
(-0.4711324865405988 -0.1500000000009709 0.1)
(0.05034799268257303 0.1249886805078067 0.1)
(-0.2020132831256717 0.04026489059266246 0.1)
(7.634349563184992e-05 -0.0772496653395844 0.1)
(-0.04996136039370961 -0.04840312210584728 0.1)
(2.682213654734329e-06 -0.2505436476017256 0.1)
(0.1503512927465163 -0.04798619811697499 0.1)
(3.295299735665141e-05 -0.1350006021974573 0.1)
(0.09996413644416813 -0.2505146571848466 0.1)
(0.09974895511925902 -0.1348004467859725 0.1)
(-0.09995835074363324 0.09591805076138027 0.1)
(-2.248094835078281e-06 0.2113261633430991 0.1)
(-0.04996762156212298 0.1247803754349713 0.1)
(-0.0500020028480987 0.2979285621282154 0.1)
(-0.2029084242632074 -0.07442702810914088 0.1)
(-0.2548389550662496 -0.1631137487077881 0.1)
(-3.188206716670435e-06 0.2690617330357974 0.1)
(-0.05000752203770167 0.1824919711535034 0.1)
(-0.1505111802344128 0.2973253410259399 0.1)
(-0.2499764590602225 0.4712394496446231 0.1)
(0.2486333716812093 -0.4728179166576712 0.1)
(-0.4710823272483058 -0.2497029532498818 0.1)
(0.1991231053572286 -0.2506203226908816 0.1)
(-0.1999764590603291 0.4423719361851968 0.1)
(0.198633371681348 -0.44395040319827 0.1)
(-0.4422148137889046 -0.1997029532500205 0.1)
(-0.1517155676618879 -0.04719871348822417 0.1)
(0.1000504870280275 -0.07695659711408577 0.1)
(-0.1989931241703765 0.2109182527064713 0.1)
(-0.2006166342044591 0.09708336918041952 0.1)
(0.1490872418031832 -0.2217121164712132 0.1)
(-0.09986443104863171 0.2113061543762271 0.1)
(-0.1002525142013455 -0.07711481324170166 0.1)
(-0.09985797174714717 0.2690071756582409 0.1)
(-0.249135894002967 0.1821038840641603 0.1)
(0.1488201036335838 -0.1637624542904265 0.1)
(-0.1500858863616982 0.1249373782921005 0.1)
(-0.05004133194292726 -0.2216363662728793 0.1)
(-0.05006301800391564 -0.1638578690866982 0.1)
(-0.1499520661911179 0.1826138861884153 0.1)
(-0.2014236847415152 -0.1332541115893844 0.1)
(-0.3498587543577144 0.4717742651648612 0.1)
(0.4698100917518433 0.3469391460317359 0.1)
(0.3481853151370594 -0.4681682390631643 0.1)
(-0.4723500865284139 -0.3498022561006336 0.1)
(0.1999815385422507 0.269576567375431 0.1)
(-0.1995586975151559 0.2679286862619821 0.1)
(-0.2532515969905517 -0.2221679848684779 0.1)
(-0.1000440141579018 -0.2505155820755207 0.1)
(-0.2506255838664694 0.1259455084344233 0.1)
(-0.1003107813132763 -0.1348186233646798 0.1)
(-0.3048754183394735 0.3824591697261741 0.1)
(-0.2998352134173821 0.4430137148094844 0.1)
(0.296818686817714 -0.4409861557208355 0.1)
(-0.4434324137767198 -0.2995052093499608 0.1)
(0.1000029354864146 0.2692619722792028 0.1)
(-0.1502890952521266 -0.1637296070914458 0.1)
(-0.1500440141577404 -0.2216480686161057 0.1)
(0.1001218256731473 0.2116467667254647 0.1)
(0.1499501724354518 0.2981599485001741 0.1)
(-0.1995912455714313 -0.2502268092747341 0.1)
(0.2926344783452726 -0.2555561921539334 0.1)
(0.2938255232098699 -0.08412786868754421 0.1)
(0.2436989697976926 -0.1661782773581549 0.1)
(0.3199049766789275 -0.3467737640363068 0.1)
(0.1509694336212804 0.1249229765252114 0.1)
(0.2515919907908118 0.1826983033929982 0.1)
(0.1506058200456317 0.182765346082203 0.1)
(0.3893440075108249 -0.1030123572418842 0.1)
(0.200518295965698 0.211797170511198 0.1)
(0.2989019655629035 0.3871466558882456 0.1)
(0.3489773739650762 0.4726241541608853 0.1)
(0.4740597682786139 -0.3488553464347058 0.1)
(-0.3480311299532615 -0.4687152186743669 0.1)
(-0.4722544050365666 0.3502919642693137 0.1)
(0.1972050678749314 -0.1350816309884635 0.1)
(0.2902564704475496 -0.1417103144250724 0.1)
(0.4436634015024756 -0.09647523975342118 0.1)
(0.44901993948819 -0.199420769626321 0.1)
(0.3994609878523409 0.08686978554387509 0.1)
(-0.357754200905097 -0.05375529518647316 0.1)
(-0.3017365863417661 -0.1324139746331434 0.1)
(0.4486269971274147 -0.2982761160617204 0.1)
(-0.442377867538062 0.303182819426177 0.1)
(0.2987049400444384 0.4439139304986178 0.1)
(-0.2966907310305568 -0.4421844663755232 0.1)
(0.1984347250790954 -0.07714922448689882 0.1)
(0.4484540367843129 0.1992999190506951 0.1)
(0.4478822292268866 0.295932331781324 0.1)
(-0.2982867381351047 0.2623620331421943 0.1)
(0.4474586030192956 0.003524760246758317 0.1)
(0.4486298114654788 0.1003067333015213 0.1)
(-0.3837499184889206 0.09414226486228197 0.1)
(-0.4422649730809946 -0.4755983064144698 0.1)
(0.4755983064144698 -0.4422649730809946 0.1)
(0.4422649730809946 0.4755983064144698 0.1)
(-0.4755983064144698 0.4422649730809946 0.1)
(-0.4755983064144203 -0.442264973081229 0.1)
(0.442264973081229 -0.4755983064144203 0.1)
(0.4755983064144203 0.442264973081229 0.1)
(-0.442264973081229 0.4755983064144203 0.1)
(0.3758416212997318 -0.2437625264349625 0.1)
(0.4744527106393892 -0.1499999999990291 0.1)
(0.2453498691103903 -0.2237673068797862 0.1)
(-0.3894501194447357 -0.2995052093499607 0.1)
(-0.3899548168211094 -0.1004158730109578 0.1)
(-0.3016725776200093 0.04760005738055995 0.1)
(0.3950347117207891 -0.2944034150905617 0.1)
(0.2887973004329667 -0.3901310483319884 0.1)
(-0.2960740403289095 0.10213609238538 0.1)
(-0.1499999999996705 -0.3240810621439419 0.1)
(0.05000000000016189 -0.324081062144134 0.1)
(-0.04999999999964716 -0.3240810621440764 0.1)
(0.09999999999916764 -0.3017519627743062 0.1)
(-5.769637940856314e-13 -0.3017519627742499 0.1)
(0.1999999999990139 -0.3017519627744401 0.1)
(0.149999999999968 -0.3240810621442313 0.1)
(-0.1000000000003901 -0.3017519627741936 0.1)
(0.4780721374750432 0.2489931857501429 0.1)
(-0.1995912455708731 -0.3014234221038974 0.1)
(-0.09999999999887291 -0.39106836025227 0.1)
(-0.1499999999990118 -0.3687392608829446 0.1)
(0.05000000000103799 -0.3687392608831866 0.1)
(-0.1986596010766216 -0.3934051214127985 0.1)
(-0.04999999999878868 -0.36873926088315 0.1)
(0.1000000000009715 -0.3910683602524563 0.1)
(1.157609339189924e-12 -0.391068360252376 0.1)
(0.1986333716813481 -0.3927537903696708 0.1)
(0.1500000000008958 -0.3687392608833289 0.1)
(-0.2932465332129816 0.2074465243878188 0.1)
(0.4782479121562092 0.05000000000124286 0.1)
(-0.3562089905803864 0.03983671304353121 0.1)
(-0.2884840008179307 -0.3922778531778217 0.1)
(0.3912423470463482 0.4482224605753552 0.1)
(0.4496580746930837 -0.3911203195159778 0.1)
(-0.3902961030345334 -0.4443135250888367 0.1)
(-0.4478527114510364 0.3925569373505857 0.1)
(-0.392123727438666 0.4473725715792816 0.1)
(0.4454083981662637 0.3892041191126876 0.1)
(0.390450288218011 -0.4437665454775847 0.1)
(-0.4479483929428343 -0.3920672291815853 0.1)
(0.4038866173457465 -0.1976352274059825 0.1)
(-0.3977114658084735 0.3976645358488727 0.1)
(0.3978433898298658 -0.3926218919125679 0.1)
(0.3943857721316173 0.3951616066068137 0.1)
(-0.3959795228963732 -0.3941157811891931 0.1)
(0.374999994505295 -0.1547515752671536 0.1)
(0.3301073809517967 -0.1710395139245497 0.1)
(-0.2874022210260005 -0.3095724672670746 0.1)
(0.2883863282081527 -0.3050798127746805 0.1)
(0.2406119852964621 -0.370766196440225 0.1)
(0.2419786136150557 -0.3244225675840918 0.1)
(-0.2413845153577092 -0.3250425211047497 0.1)
(-0.2404528708641164 -0.3723660216746482 0.1)
(-0.5 0.04999999999875715 0.05)
(-0.5 -0.05000000000124287 0.05)
(-0.5 0.1499999999990291 0.05)
(-0.5 0.2499999999993065 0.05)
(-0.5 -0.1500000000009709 0.05000000000000001)
(-0.5 -0.2500000000006936 0.05000000000000001)
(-0.5 -0.3500000000004161 0.04999999999999999)
(-0.4999999999999999 0.349999999999584 0.05)
(-0.5 0.4499999999998613 0.05)
(-0.5 -0.4500000000001386 0.04999999999999999)
(0.04999999999875715 0.5 0.05)
(0.1499999999990291 0.5 0.05)
(-0.05000000000124287 0.5 0.05)
(0.2499999999993065 0.5 0.05)
(-0.1500000000009709 0.5 0.05000000000000001)
(-0.2500000000006936 0.5 0.05000000000000001)
(-0.3500000000004161 0.5 0.04999999999999999)
(0.349999999999584 0.4999999999999999 0.05)
(0.4499999999998613 0.5 0.05)
(-0.4500000000001386 0.5 0.04999999999999999)
(0.5 -0.04999999999875715 0.05)
(0.5 -0.2499999999993065 0.05)
(0.5 0.1500000000009709 0.05000000000000001)
(0.5 0.3500000000004161 0.04999999999999999)
(0.4999999999999999 -0.349999999999584 0.05)
(0.5 -0.4499999999998613 0.05)
(0.5 0.4500000000001386 0.04999999999999999)
(0.5 -0.1499999999990291 0.05)
(0.5 0.2500000000006936 0.05000000000000001)
(0.5 0.05000000000124287 0.05)
(-0.04999999999875715 -0.5 0.05)
(0.05000000000124287 -0.5 0.05)
(-0.1499999999990291 -0.5 0.05)
(-0.2499999999993065 -0.5 0.05)
(0.1500000000009709 -0.5 0.05000000000000001)
(0.2500000000006936 -0.5 0.05000000000000001)
(0.3500000000004161 -0.5 0.04999999999999999)
(-0.349999999999584 -0.4999999999999999 0.05)
(-0.4499999999998613 -0.5 0.05)
(0.4500000000001386 -0.5 0.04999999999999999)
(0.5 -0.4499999999998613 0.1)
(-0.5 0.1499999999990291 0)
(0.4500000000001387 -0.5 0.1)
(-0.3500000000004161 0.5 0)
(-0.5 0.2499999999993064 0)
(-0.2500000000006935 0.5 0)
(-0.5 0.349999999999584 0)
(-0.1500000000009709 0.5 0)
(-0.5 -0.3500000000004161 0.1)
(-0.05000000000124286 0.5 0)
(-0.5 -0.2500000000006935 0.1)
(0.04999999999875715 0.5 0)
(-0.5 -0.1500000000009709 0.1)
(0.1499999999990291 0.5 0)
(-0.5 -0.05000000000124286 0.1)
(-0.5 0.04999999999875715 0.1)
(0.2499999999993064 0.5 0)
(-0.5 0.1499999999990291 0.1)
(0.349999999999584 0.5 0)
(-0.5 0.2499999999993064 0.1)
(-0.5 0.349999999999584 0.1)
(0.5 0.3500000000004161 0)
(-0.3500000000004161 0.5 0.1)
(0.5 0.2500000000006935 0)
(-0.2500000000006935 0.5 0.1)
(0.5 0.1500000000009709 0)
(-0.1500000000009709 0.5 0.1)
(-0.05000000000124286 0.5 0.1)
(0.5 0.05000000000124286 0)
(0.04999999999875715 0.5 0.1)
(0.5 -0.04999999999875715 0)
(0.1499999999990291 0.5 0.1)
(0.5 -0.1499999999990291 0)
(0.2499999999993064 0.5 0.1)
(0.349999999999584 0.5 0.1)
(0.5 -0.2499999999993064 0)
(0.5 -0.349999999999584 0)
(0.5 0.3500000000004161 0.1)
(0.5 0.2500000000006935 0.1)
(0.5 0.1500000000009709 0.1)
(0.3500000000004161 -0.5 0)
(0.5 0.05000000000124286 0.1)
(0.2500000000006935 -0.5 0)
(0.5 -0.04999999999875715 0.1)
(0.1500000000009709 -0.5 0)
(0.5 -0.1499999999990291 0.1)
(0.5 -0.2499999999993064 0.1)
(0.05000000000124286 -0.5 0)
(0.5 -0.349999999999584 0.1)
(-0.04999999999875715 -0.5 0)
(0.3500000000004161 -0.5 0.1)
(-0.1499999999990291 -0.5 0)
(0.2500000000006935 -0.5 0.1)
(-0.2499999999993064 -0.5 0)
(0.1500000000009709 -0.5 0.1)
(-0.349999999999584 -0.5 0)
(0.05000000000124286 -0.5 0.1)
(-0.5 -0.5 0.05)
(-0.4499999999998613 -0.5 0)
(-0.04999999999875715 -0.5 0.1)
(-0.5 -0.4500000000001387 0)
(0.5 -0.5 0.05)
(-0.1499999999990291 -0.5 0.1)
(0.5 -0.4499999999998613 0)
(-0.5 -0.3500000000004161 0)
(0.4500000000001387 -0.5 0)
(0.5 0.5 0.05)
(-0.2499999999993064 -0.5 0.1)
(0.4499999999998613 0.5 0)
(-0.5 -0.2500000000006935 0)
(0.5 0.4500000000001387 0)
(-0.349999999999584 -0.5 0.1)
(-0.5 0.5 0.05)
(-0.4500000000001387 0.5 0)
(-0.5 -0.1500000000009709 0)
(-0.5 0.4499999999998613 0)
(-0.5 -0.4500000000001387 0.1)
(-0.4499999999998613 -0.5 0.1)
(-0.5 -0.05000000000124286 0)
(-0.5 0.4499999999998613 0.1)
(-0.4500000000001387 0.5 0.1)
(-0.5 0.04999999999875715 0)
(0.4499999999998613 0.5 0.1)
(0.5 0.4500000000001387 0.1)
)


// ************************************************************************* //
